version: 1
analyzable: 1
text-src: test.txt
extra-files:	
model-id: 0a98f6e4cd1f8fc5e1ce29c585352d5c1a44ffb9

1	1	0.05116015653014552	-0.05116015653014561
1	1	0.6137003669943886	-0.6137003669943888
1	1	0.4875983033901025	-0.4875983033901024
0	1	-0.2607943296098697	0.2607943296098695
0	1	-0.05229150170983259	0.05229150170983256
1	1	0.4290623982689468	-0.429062398268947
1	1	0.807108667476738	-0.8071086674767379
0	1	-0.09676336541041816	0.09676336541041801
0	1	-0.05526213163809739	0.0552621316380973
0	1	-0.1605979290415301	0.1605979290415299
1	1	0.2372464844734937	-0.2372464844734935
0	1	-0.7557590124148792	0.7557590124148784
0	1	-0.02726991614139976	0.02726991614139942
1	1	0.522303316926272	-0.5223033169262721
1	1	0.4181752940619352	-0.418175294061935
1	1	0.2193157550294592	-0.2193157550294592
0	1	-0.5609877118593493	0.5609877118593494
0	1	-0.1423798718210914	0.1423798718210914
1	1	0.4419733303115146	-0.4419733303115144
1	1	0.3909547268168406	-0.3909547268168404
1	1	0.2079214972911018	-0.2079214972911017
0	1	-0.2472172206751354	0.2472172206751355
1	1	0.5721252759745075	-0.5721252759745077
0	1	-0.2455110829910646	0.2455110829910643
0	1	-0.2935785272668152	0.293578527266815
1	1	0.4419733303115146	-0.4419733303115144
0	1	-0.004378873340392206	0.004378873340392005
1	1	0.2208933934815896	-0.2208933934815897
0	1	-0.7685423148102208	0.7685423148102196
1	1	0.1260765196474076	-0.1260765196474075
1	1	0.3051309010603775	-0.3051309010603776
0	1	-0.2764363682984521	0.2764363682984516
0	1	-0.01385686122953654	0.01385686122953654
1	1	0.8427972966035712	-0.8427972966035713
1	1	0.3737808783410693	-0.3737808783410695
0	1	-0.0116418726945948	0.01164187269459428
1	1	0.3825443373896246	-0.3825443373896251
1	1	0.151003909692326	-0.1510039096923265
0	1	-0.06151330835444799	0.06151330835444778
1	1	0.2397771884513394	-0.2397771884513397
1	1	0.2034025693872694	-0.2034025693872696
0	1	-0.3512227299757769	0.3512227299757768
1	1	0.3075737025431081	-0.3075737025431082
1	1	0.2866358360898977	-0.2866358360898981
1	1	0.1641173974910016	-0.1641173974910017
1	1	0.2155831426167702	-0.2155831426167704
1	1	0.0374048179748039	-0.03740481797480412
0	0	-0.2249003767595208	0.2249003767595208
0	0	-0.2249003767595208	0.2249003767595208
0	0	-0.2462761261646432	0.2462761261646431
0	0	-0.6569395186839797	0.6569395186839798
0	0	-0.3820593032765097	0.3820593032765098
0	0	-0.8733757162338088	0.8733757162338078
0	0	-0.1363969103954489	0.1363969103954488
0	0	-0.7178894306187873	0.7178894306187863
0	0	-1.114833968857916	1.114833968857915
0	0	-0.60883813568709	0.6088381356870902
0	0	-0.667955874925765	0.6679558749257631
0	0	-0.1368007648771817	0.1368007648771817
0	0	-0.2779074395510656	0.2779074395510641
0	0	-0.6006422614451948	0.6006422614451948
0	0	-0.5018623030515814	0.5018623030515813
0	0	-0.6921727402679254	0.692172740267925
0	0	-0.3349343440741476	0.3349343440741475
0	0	-0.9246117254132908	0.9246117254132898
0	0	-0.5406655831301147	0.5406655831301134
0	0	-0.5568947145305021	0.5568947145305004
0	0	-0.1249087340647004	0.1249087340647001
0	0	-0.5134090531638674	0.5134090531638661
0	0	-0.9307918886645334	0.9307918886645323
0	0	-0.9656700448784346	0.9656700448784334
0	0	-0.3180571629961331	0.3180571629961332
1	0	0.02589231551298055	-0.02589231551298082
0	0	-0.6787679997241548	0.6787679997241539
0	0	-0.7779554731709021	0.7779554731709012
0	0	-0.1136573050613272	0.113657305061327
0	0	-1.05259128161875	1.052591281618749
0	0	-0.623040552647694	0.6230405526476939
0	0	-0.8229571417959285	0.8229571417959275
0	0	-0.3180571629961331	0.3180571629961332
0	0	-0.56807040074795	0.5680704007479499
1	0	0.2079769096493481	-0.2079769096493481
0	0	-0.8324293024533395	0.8324293024533379
0	0	-0.03172195224618277	0.03172195224618259
0	0	-0.7681390881584997	0.7681390881584983
0	0	-0.4562692055945337	0.4562692055945337
0	0	-0.2745524075563489	0.2745524075563489
1	0	0.1698124356406073	-0.1698124356406074
0	0	-0.1283885948880752	0.1283885948880751
0	0	-0.6532431448396715	0.6532431448396712
0	0	-0.5884806454506359	0.5884806454506351
0	0	-0.02147670788871747	0.02147670788871736
0	0	-0.9356223930392376	0.9356223930392367
0	0	-0.8357846733611303	0.8357846733611303
0	0	-0.8570992863191166	0.8570992863191164
1	0	0.2079769096493481	-0.2079769096493481
1	0	0.1177423623497426	-0.1177423623497426
0	0	-0.3610812462177619	0.3610812462177604
0	0	-0.4158339243549971	0.4158339243549971
0	0	-0.779714355875226	0.7797143558752254
0	0	-0.779714355875226	0.7797143558752254
0	0	-0.6157674762172556	0.6157674762172537
0	0	-0.7453401016048277	0.7453401016048254
0	0	-0.285393009700404	0.285393009700404
0	0	-0.5596852396639367	0.5596852396639352
0	0	-0.2616040991769357	0.2616040991769354
0	0	-0.7369083942187226	0.7369083942187208
0	0	-0.3819952637476	0.3819952637475996
0	0	-0.7485388090803203	0.7485388090803192
0	0	-0.6747373918429098	0.6747373918429095
1	0	0.03061594614966828	-0.03061594614966825
0	0	-0.9264756183011924	0.926475618301192
0	0	-0.528620122106652	0.5286201221066507
0	0	-0.4465611588234804	0.4465611588234802
0	0	-0.5871165338701961	0.587116533870195
1	0	0.1387094501148219	-0.138709450114822
0	0	-0.9384567775243366	0.9384567775243358
0	0	-0.745273526204645	0.7452735262046448
0	0	-0.5548703260451168	0.5548703260451169
0	0	-0.8346557599102551	0.8346557599102539
0	0	-0.7377560693984756	0.7377560693984749
0	0	-0.6430202846971532	0.6430202846971537
0	0	-0.4793367545309062	0.479336754530906
0	0	-0.1487177929466144	0.1487177929466143
0	0	-0.4361122142069376	0.4361122142069379
0	0	-0.8499905670122088	0.8499905670122069
0	0	-0.8704794636734708	0.870479463673471
0	0	-1.098354306533031	1.098354306533031
0	0	-0.5559299619799981	0.5559299619799979
0	0	-0.7269165828897782	0.7269165828897763
0	0	-0.8890478209404814	0.88904782094048
0	0	-0.5973035721486594	0.5973035721486585
0	0	-0.1513128354454927	0.1513128354454923
0	0	-0.3255756084987597	0.3255756084987597
0	0	-0.5131108463556214	0.5131108463556213
1	0	0.2079769096493481	-0.2079769096493481
0	0	-0.9635458869457904	0.9635458869457902
0	0	-0.8013781234441476	0.8013781234441466
0	0	-0.2696046433914829	0.2696046433914826
0	0	-0.7502858503981952	0.7502858503981935
1	0	0.1592145619875657	-0.1592145619875659
0	0	-0.612934914023211	0.6129349140232109
0	0	-0.08933442498450329	0.08933442498450327
0	0	-0.2483610621936366	0.2483610621936364
0	0	-0.1018427718575876	0.1018427718575874
0	0	-0.6628933527726416	0.6628933527726399
0	0	-0.935510491452364	0.9355104914523631
0	0	-0.7757226142935183	0.7757226142935165
0	0	-0.5917118478382977	0.5917118478382976
0	0	-0.2567498625866708	0.2567498625866706
0	0	-0.7129089255678757	0.7129089255678738
0	0	-0.5387111809269495	0.5387111809269478
0	0	-0.02147670788871747	0.02147670788871736
0	0	-0.4795939583507219	0.4795939583507209
0	0	-0.07152157757791361	0.07152157757791328
0	0	-0.8200740844934934	0.8200740844934933
0	0	-0.7384972204768951	0.7384972204768949
0	0	-0.6058822497308257	0.6058822497308239
0	0	-0.4899567599436237	0.4899567599436232
0	0	-0.6603419345645671	0.660341934564567
0	0	-0.2221178140270422	0.2221178140270423
0	0	-0.3707944444724418	0.370794444472442
0	0	-0.9159619181747367	0.9159619181747356
0	0	-0.8487464783342871	0.8487464783342857
0	0	-0.5407767411782662	0.5407767411782664
0	0	-1.002559446311299	1.002559446311298
0	0	-1.015970588115678	1.015970588115676
0	0	-0.2572951810782349	0.2572951810782345
0	0	-0.8527431380762518	0.8527431380762516
0	0	-0.5524436340482083	0.5524436340482081
0	0	-0.7196691453506341	0.7196691453506331
0	0	-0.3146123415444364	0.3146123415444362
0	0	-0.1287012337545245	0.1287012337545242
0	0	-0.6746301169502159	0.6746301169502145
0	0	-0.5611599451522729	0.561159945152272
0	0	-0.5611599451522729	0.561159945152272
0	0	-0.1902791977801261	0.1902791977801258
0	0	-0.6567268862226054	0.6567268862226044
0	0	-0.8952973844390616	0.8952973844390602
0	0	-0.7471277651408403	0.7471277651408388
0	0	-0.7886897451028556	0.7886897451028551
0	0	-0.5148302146527187	0.5148302146527187
0	0	-0.1126140378884274	0.1126140378884272
0	0	-0.4978871318296776	0.4978871318296774
0	0	-0.8338226162622729	0.8338226162622717
0	0	-0.09179231515337483	0.09179231515337469
1	0	0.02589231551298055	-0.02589231551298082
0	0	-0.6486827121982655	0.6486827121982653
0	0	-0.8214802765780894	0.8214802765780884
1	0	0.2079769096493481	-0.2079769096493481
1	0	0.2079769096493481	-0.2079769096493481
1	0	0.2833699425643234	-0.2833699425643234
1	0	0.1519509538491308	-0.1519509538491305
1	0	0.177350375913189	-0.177350375913189
0	0	-0.04450283700417287	0.04450283700417279
0	0	-0.4963191137682232	0.496319113768223
0	0	-0.7182158475852993	0.7182158475852994
0	0	-0.8642944081202824	0.8642944081202809
0	0	-0.2625229848692147	0.2625229848692147
0	0	-0.7160559167220042	0.7160559167220032
0	0	-0.8814770083866761	0.8814770083866745
0	0	-1.051445738273252	1.051445738273251
0	0	-0.5777238255524733	0.5777238255524728
0	0	-0.4232771797723748	0.4232771797723748
0	0	-0.9230397123923156	0.923039712392315
0	0	-0.3893537673948591	0.3893537673948589
0	0	-0.7220213455327581	0.722021345532758
0	0	-1.200232216617945	1.200232216617944
0	0	-0.4716070315221988	0.471607031522199
0	0	-0.3050157396258826	0.3050157396258826
0	0	-0.4938811771391022	0.493881177139102
0	0	-0.9132352767397914	0.9132352767397908
0	0	-0.7340078445845004	0.7340078445844994
0	0	-0.9681122955540703	0.9681122955540689
0	0	-0.2060871063873609	0.2060871063873608
0	0	-0.4645020729988313	0.4645020729988314
1	0	0.1332320437100251	-0.1332320437100251
0	0	-0.1173409237075005	0.1173409237075002
1	0	0.1477778882347849	-0.1477778882347849
0	0	-0.6156145443794391	0.6156145443794377
1	0	0.1332320437100251	-0.1332320437100251
0	0	-0.910047205739047	0.9100472057390456
0	0	-0.9249328591126128	0.9249328591126114
0	0	-0.1766765546795883	0.1766765546795883
0	0	-0.4420080365536124	0.4420080365536111
0	0	-0.1469675755528088	0.1469675755528086
0	0	-0.3290249145602449	0.3290249145602448
1	0	0.5760598605090269	-0.5760598605090271
0	0	-0.4517362133819651	0.4517362133819649
0	0	-0.7070213059047835	0.7070213059047826
0	0	-0.7269165828897782	0.7269165828897763
0	0	-0.2044677465699564	0.2044677465699564
0	0	-0.708805037688149	0.7088050376881491
0	0	-0.8554186287848898	0.8554186287848897
1	0	0.06114449540531074	-0.06114449540531085
0	0	-0.6911502557490746	0.6911502557490733
0	0	-0.4139222731180772	0.4139222731180774
0	0	-0.3788319238334946	0.3788319238334945
0	0	-0.7401561666229236	0.7401561666229221
0	0	-0.2769918632513323	0.2769918632513321
0	0	-0.7803993792244247	0.7803993792244237
0	0	-0.7296633068946187	0.729663306894618
0	0	-0.6763118726346053	0.6763118726346048
0	0	-0.3782517676330937	0.3782517676330921
0	0	-0.300229114676716	0.3002291146767158
0	0	-0.6624890180624097	0.6624890180624086
0	0	-0.606774345471622	0.6067743454716217
0	0	-0.5231573135599427	0.5231573135599422
0	0	-0.2519833107146127	0.2519833107146114
1	0	0.2079769096493481	-0.2079769096493481
0	0	-0.1047192055605322	0.1047192055605322
0	0	-0.9929362522809794	0.9929362522809781
0	0	-0.6293170585704099	0.629317058570409
0	0	-0.6610646711486196	0.6610646711486196
0	0	-0.6646156169313165	0.664615616931315
0	0	-0.3851320729218745	0.3851320729218747
0	0	-0.6753693983437763	0.675369398343776
0	0	-0.6157714763355874	0.6157714763355858
0	0	-0.1239844387807808	0.1239844387807805
0	0	-0.4689822327343407	0.4689822327343394
0	0	-0.8653443587649227	0.8653443587649221
0	0	-0.1619269390086277	0.1619269390086276
0	0	-0.672098014657179	0.6720980146571787
0	0	-0.8462820159017608	0.8462820159017591
0	0	-0.3321669770152188	0.3321669770152186
0	0	-0.2190141431125751	0.2190141431125749
0	0	-0.9236465323674854	0.9236465323674843
0	0	-0.2780483499010772	0.278048349901077
0	0	-0.8028877043043451	0.802887704304343
0	0	-0.4334237363907024	0.433423736390702
0	0	-0.4185329534447169	0.418532953444717
0	0	-0.5812234760059856	0.5812234760059856
0	0	-0.7083250909307974	0.7083250909307972
0	0	-0.8888302539248882	0.8888302539248869
0	0	-0.7063641895654973	0.7063641895654973
0	0	-0.284010863555644	0.2840108635556436
0	0	-0.5913293892573842	0.591329389257383
0	0	-0.7933622411899011	0.7933622411899008
0	0	-0.9243511624920587	0.9243511624920587
0	0	-0.964605880552004	0.9646058805520036
0	0	-0.442689328464103	0.4426893284641015
0	0	-0.1590045388042158	0.1590045388042159
0	0	-0.293741178621332	0.2937411786213316
0	0	-0.8365474680334551	0.8365474680334551
0	0	-1.180413856880255	1.180413856880254
0	0	-0.4897047754769102	0.4897047754769099
0	0	-0.3465217530109787	0.3465217530109788
0	0	-0.8206663141904332	0.8206663141904319
0	0	-0.6093377136334636	0.6093377136334619
0	0	-0.782604013764693	0.7826040137646927
0	0	-0.4481589568817196	0.4481589568817198
0	0	-0.557158707704501	0.5571587077045006
0	0	-0.5999454840434407	0.5999454840434408
1	0	0.2079769096493481	-0.2079769096493481
0	0	-0.7663716003634993	0.7663716003634977
0	0	-1.172006293542216	1.172006293542215
0	0	-0.4965560739972465	0.4965560739972458
0	0	-0.9185277509481851	0.9185277509481832
0	0	-0.1133002327200508	0.1133002327200507
0	0	-0.5858897505078877	0.5858897505078862
0	0	-0.4905615321010772	0.4905615321010766
0	0	-0.308795426400873	0.308795426400873
0	0	-0.006549357852228377	0.006549357852227766
1	0	0.09770065497850577	-0.09770065497850566
0	0	-0.8992074924126917	0.8992074924126909
0	0	-0.317415192626308	0.3174151926263071
0	0	-0.4236021979103822	0.4236021979103815
0	0	-0.6353900330240192	0.635390033024018
0	0	-0.3477881179994223	0.3477881179994223
0	0	-0.1756224498652541	0.1756224498652538
0	0	-0.8578560241968644	0.857856024196864
0	0	-0.5890943250095652	0.5890943250095646
0	0	-1.014425075954781	1.01442507595478
0	0	-0.7571053089496806	0.75710530894968
0	0	-0.5661321517703798	0.5661321517703787
0	0	-0.6139961375876617	0.6139961375876605
0	0	-0.4242224394522082	0.4242224394522079
0	0	-1.074316270686962	1.074316270686961
0	0	-0.2179867052714362	0.2179867052714358
0	0	-0.317415192626308	0.3174151926263071
0	0	-0.9527331618808165	0.9527331618808164
0	0	-0.8351032020430442	0.8351032020430438
0	0	-0.7587186269665437	0.7587186269665435
0	0	-0.9527920946772639	0.9527920946772628
0	0	-0.4209905833154784	0.4209905833154772
0	0	-0.4661947890959484	0.4661947890959489
0	0	-0.4073660473512876	0.4073660473512876
0	0	-0.6617707531471617	0.6617707531471616
0	0	-0.5770718073939652	0.5770718073939652
0	0	-0.9921518049558524	0.9921518049558522
0	0	-0.3248461037536527	0.3248461037536525
0	0	-0.526192662962798	0.5261926629627975
0	0	-0.1422341289988771	0.1422341289988766
0	0	-0.3063470147978237	0.3063470147978233
0	0	-0.3616894254952429	0.3616894254952426