version: 1
analyzable: 1
text-src: Rescue-SVM-Demo/new-test-rescue-500.txt
extra-files:	
model-id: f81a5d2a6478aee49552faa56d2ab2a25e3dba47

1	1	0.1247661917114106	-0.1247661917114108
1	1	0.5503415246190869	-0.5503415246190871
1	1	0.5636778996243449	-0.5636778996243454
0	1	-0.1375435769807245	0.1375435769807243
0	1	-0.3551552489300245	0.3551552489300241
1	1	0.4170570133537013	-0.4170570133537016
1	1	0.7825196559280341	-0.7825196559280346
1	1	0.01609077715785647	-0.01609077715785704
0	1	-0.3919011498994009	0.3919011498994005
0	1	-0.3726185016210127	0.3726185016210125
1	1	0.2591784588980085	-0.2591784588980088
0	1	-0.8508905085013694	0.8508905085013694
0	1	-0.03387489686523511	0.03387489686523523
1	1	0.5176206548586427	-0.5176206548586432
1	1	0.4142932852147316	-0.414293285214732
1	1	0.3246336375803608	-0.3246336375803612
0	1	-0.5322140529200011	0.5322140529200007
0	1	-0.3873932763606638	0.3873932763606632
1	1	0.4321527416796839	-0.4321527416796845
1	1	0.3924281042554314	-0.3924281042554318
1	1	0.2764886650308452	-0.2764886650308456
0	1	-0.3629349280670424	0.362934928067042
1	1	0.5513092042764769	-0.5513092042764773
0	1	-0.2936112574456525	0.2936112574456524
0	1	-0.2578078222731888	0.2578078222731887
1	1	0.4321527416796839	-0.4321527416796845
0	1	-0.05817328841519784	0.05817328841519776
1	1	0.1161141291502418	-0.1161141291502422
0	1	-0.7984011438902145	0.7984011438902148
1	1	0.2749339725307847	-0.2749339725307856
1	1	0.2454284533917133	-0.2454284533917136
0	1	-0.3825391448086937	0.3825391448086936
0	1	-0.120748328602266	0.1207483286022658
1	1	0.6752777330964976	-0.675277733096498
1	1	0.3149650152622823	-0.3149650152622824
1	1	0.3327611273973746	-0.3327611273973752
1	1	0.7681469719890444	-0.7681469719890448
1	1	0.3119847618972894	-0.3119847618972899
1	1	0.06589294092030759	-0.06589294092030823
1	1	0.3972949941621371	-0.3972949941621375
1	1	0.3945453231855837	-0.3945453231855841
0	1	-0.5209261566825119	0.5209261566825111
1	1	0.2411999438287901	-0.2411999438287905
1	1	0.2152906954054823	-0.2152906954054822
1	1	0.3590194223296584	-0.3590194223296587
1	1	0.3945599288579821	-0.3945599288579826
1	1	0.3142925255311589	-0.3142925255311592
0	0	-0.3455124050868045	0.3455124050868044
0	0	-0.3455124050868045	0.3455124050868044
0	0	-0.5190923715014846	0.5190923715014839
0	0	-0.2923483870065017	0.2923483870065012
0	0	-0.3143786669392827	0.3143786669392823
0	0	-0.8363074921573769	0.8363074921573765
0	0	-0.2816493056933698	0.2816493056933693
0	0	-0.7273243458450532	0.7273243458450528
0	0	-0.7652486632160765	0.7652486632160769
0	0	-0.5813629806700877	0.5813629806700873
0	0	-0.7179634928757536	0.7179634928757538
0	0	-0.527912061423557	0.5279120614235566
0	0	-0.1793810385260267	0.1793810385260264
0	0	-0.7863590761576369	0.786359076157636
0	0	-0.5507391119412459	0.5507391119412455
0	0	-0.4881265097695502	0.4881265097695499
0	0	-0.3853835919325554	0.3853835919325553
0	0	-0.6088799793855488	0.6088799793855484
0	0	-0.5863609635082543	0.586360963508254
0	0	-0.7019166423452132	0.7019166423452134
0	0	-0.1894493107456823	0.1894493107456821
0	0	-0.6671367235706621	0.6671367235706621
0	0	-0.8063225183735541	0.8063225183735537
0	0	-0.8668832146523312	0.8668832146523308
1	0	0.4353916928816268	-0.4353916928816273
0	0	-0.007177099915592594	0.007177099915592677
0	0	-0.8328547367383747	0.8328547367383742
0	0	-0.7207930060053602	0.7207930060053603
0	0	-0.143492878214636	0.1434928782146361
0	0	-0.8796106268638988	0.8796106268638981
0	0	-0.5468339270744675	0.546833927074467
0	0	-0.8480653063340252	0.8480653063340249
1	0	0.4353916928816268	-0.4353916928816273
0	0	-0.6102850518673507	0.61028505186735
1	0	0.1366776593845352	-0.136677659384535
0	0	-0.9061733240181272	0.9061733240181272
0	0	-0.1114379423121113	0.1114379423121115
0	0	-0.7105278251881793	0.710527825188179
0	0	-0.428722749235372	0.4287227492353713
0	0	-0.1130911656783804	0.1130911656783796
1	0	0.1115968415766773	-0.1115968415766772
1	0	0.1855674536345543	-0.1855674536345549
0	0	-0.6469965355197507	0.6469965355197504
0	0	-0.4851955971495953	0.4851955971495951
0	0	-0.01535449067434583	0.01535449067434591
0	0	-1.006666242408326	1.006666242408326
0	0	-0.7244535852296027	0.7244535852296022
0	0	-0.8902111886684723	0.8902111886684718
1	0	0.1366776593845352	-0.136677659384535
1	0	0.3893981522654425	-0.3893981522654428
0	0	-0.3694664334192638	0.369466433419264
0	0	-0.2945462208794726	0.2945462208794717
0	0	-0.6568468968285788	0.6568468968285783
0	0	-0.6568468968285788	0.6568468968285783
0	0	-0.6881312042364913	0.6881312042364914
0	0	-0.5960778485749941	0.5960778485749945
1	0	0.09197433284410624	-0.09197433284410683
0	0	-0.7193570130325956	0.7193570130325955
1	0	0.03947291983956984	-0.03947291983957029
0	0	-0.737249336539289	0.7372493365392894
0	0	-0.1808176921808639	0.1808176921808636
0	0	-1.015538565389371	1.015538565389371
0	0	-0.8826724467806745	0.8826724467806739
1	0	0.4368621357036654	-0.4368621357036658
0	0	-0.6934976217872512	0.6934976217872503
0	0	-0.443393075701135	0.4433930757011347
0	0	-0.4831662411599846	0.4831662411599848
0	0	-0.594490908502132	0.5944909085021326
1	0	0.08976811588603539	-0.08976811588603553
0	0	-0.6923086344854826	0.6923086344854821
0	0	-0.6670957963286169	0.6670957963286164
0	0	-0.4609799429881429	0.4609799429881423
0	0	-0.6890517014267842	0.689051701426784
0	0	-0.4911821217907004	0.4911821217907001
0	0	-0.8558287729920635	0.8558287729920631
0	0	-0.03112067313284657	0.03112067313284593
0	0	-0.7232919138208889	0.7232919138208885
0	0	-0.3336450450400226	0.333645045040022
0	0	-0.5997462002031614	0.5997462002031611
0	0	-0.8485816937349191	0.8485816937349184
0	0	-0.7527210211329302	0.7527210211329295
0	0	-0.566451312647695	0.5664513126476948
0	0	-0.8389861163830429	0.8389861163830428
0	0	-0.7973955903855762	0.7973955903855755
0	0	-0.4396541982911069	0.4396541982911066
0	0	-0.1769202000636985	0.1769202000636984
0	0	-0.4042696099629681	0.4042696099629681
0	0	-0.4312298769720991	0.431229876972098
1	0	0.1366776593845352	-0.136677659384535
0	0	-0.7205380315190963	0.720538031519096
0	0	-0.7687578576443965	0.7687578576443961
0	0	-0.7652382951403365	0.765238295140336
0	0	-0.6097455051375683	0.6097455051375683
1	0	0.3770841457444612	-0.3770841457444618
0	0	-0.7580668293680821	0.7580668293680818
0	0	-0.01115057885493255	0.01115057885493236
0	0	-0.2955843456534962	0.2955843456534964
0	0	-0.1794079685129336	0.1794079685129337
0	0	-0.3183245859752372	0.3183245859752375
0	0	-1.047907241018177	1.047907241018176
0	0	-0.7142542192565217	0.7142542192565214
0	0	-0.5705137703135623	0.5705137703135618
0	0	-0.2768472891836798	0.27684728918368
0	0	-0.6808512798833839	0.6808512798833841
0	0	-0.3547606235749355	0.3547606235749358
0	0	-0.01535449067434583	0.01535449067434591
0	0	-0.4956260614769051	0.4956260614769049
0	0	-0.3603726645560105	0.3603726645560104
0	0	-0.9131193737847286	0.9131193737847281
0	0	-0.7126342156895046	0.7126342156895045
0	0	-0.5671277701866941	0.5671277701866942
0	0	-0.5327247139802337	0.5327247139802332
0	0	-0.783799148886047	0.7837991488860464
0	0	-0.187312718528556	0.1873127185285562
0	0	-0.6892471186295934	0.6892471186295929
0	0	-0.6545813192695962	0.6545813192695957
0	0	-0.7539803759471839	0.7539803759471841
0	0	-0.5847296909658037	0.5847296909658036
0	0	-0.9177313260791585	0.9177313260791584
0	0	-0.8762061902618822	0.8762061902618821
0	0	-0.3749913872762916	0.3749913872762913
0	0	-0.774571851096779	0.7745718510967785
0	0	-0.6483247390330484	0.6483247390330475
0	0	-0.6368393305494683	0.6368393305494678
0	0	-0.400170049152869	0.4001700491528693
0	0	-0.3786322449128364	0.3786322449128363
0	0	-0.5652004107049557	0.5652004107049557
0	0	-0.5639895518431544	0.5639895518431541
0	0	-0.5639895518431544	0.5639895518431541
0	0	-0.1610990704098031	0.1610990704098032
0	0	-0.64961135926654	0.6496113592665398
0	0	-0.8263967386751353	0.8263967386751355
0	0	-0.6375684915596432	0.6375684915596432
0	0	-0.6963531925929193	0.6963531925929188
0	0	-0.4596194705504307	0.4596194705504305
0	0	-0.09681913642066431	0.09681913642066435
0	0	-0.4736874778803902	0.4736874778803902
0	0	-0.9514809609178747	0.9514809609178745
0	0	-0.03033100550174957	0.03033100550174958
0	0	-0.007177099915592594	0.007177099915592677
0	0	-0.8697432316308469	0.8697432316308465
0	0	-0.9479641523125932	0.9479641523125928
1	0	0.1366776593845352	-0.136677659384535
1	0	0.1366776593845352	-0.136677659384535
1	0	0.1794906230936283	-0.1794906230936282
0	0	-0.04936095972822793	0.04936095972822711
1	0	0.2252091954582129	-0.2252091954582134
0	0	-0.4938614705360771	0.4938614705360768
0	0	-0.6386517595956721	0.6386517595956718
0	0	-0.4714388189290963	0.4714388189290957
0	0	-0.8170605202425896	0.8170605202425892
0	0	-0.6192983465472455	0.6192983465472454
0	0	-0.8054981965975211	0.8054981965975209
0	0	-0.8148972670426122	0.8148972670426124
0	0	-0.9844479107000436	0.9844479107000432
0	0	-0.5442999807410357	0.5442999807410357
1	0	0.1972176351450859	-0.1972176351450862
0	0	-0.906200412752189	0.9062004127521884
0	0	-0.4199491648403189	0.4199491648403188
0	0	-0.6286922596590089	0.6286922596590087
0	0	-1.018070289692879	1.018070289692879
0	0	-0.5427121338956304	0.5427121338956299
0	0	-0.4683079151396566	0.4683079151396565
0	0	-0.5441377883772002	0.5441377883772002
0	0	-0.9015698342126049	0.9015698342126046
0	0	-0.6253531372167107	0.6253531372167106
0	0	-0.9032908322990792	0.9032908322990796
0	0	-0.4366726448219298	0.4366726448219292
0	0	-0.4870958912141377	0.4870958912141376
1	0	0.1102589455002684	-0.1102589455002684
0	0	-0.3861123264041258	0.3861123264041256
1	0	0.1370361744331733	-0.1370361744331733
0	0	-0.698181823477694	0.6981818234776938
1	0	0.1102589455002684	-0.1102589455002684
0	0	-0.769461256563814	0.7694612565638136
0	0	-0.9476890719413784	0.9476890719413782
0	0	-0.1837891635421912	0.1837891635421912
0	0	-0.4878076886957126	0.4878076886957123
0	0	-0.4324611520008753	0.4324611520008753
0	0	-0.3241691569054312	0.3241691569054314
1	0	0.06555693592676187	-0.06555693592676191
0	0	-0.4915095213520244	0.4915095213520241
0	0	-0.4942964016881466	0.4942964016881463
0	0	-0.8247543509504774	0.8247543509504777
0	0	-0.2291834807334422	0.2291834807334425
0	0	-0.7945114693076142	0.7945114693076134
0	0	-0.9143399974221939	0.9143399974221932
1	0	0.07042790284677698	-0.07042790284677682
0	0	-0.9413614815060293	0.9413614815060287
0	0	-0.5111953638535095	0.5111953638535089
0	0	-0.3805852005065051	0.380585200506505
0	0	-0.7191749564095976	0.7191749564095972
0	0	-0.2344045089399098	0.2344045089399096
0	0	-0.8202885614625267	0.8202885614625265
0	0	-0.6995954188771759	0.6995954188771752
0	0	-0.6645629926384354	0.6645629926384349
0	0	-0.5733278281216547	0.5733278281216545
0	0	-0.5301195678935546	0.5301195678935544
0	0	-0.6632603408028952	0.6632603408028945
0	0	-0.4811327551351771	0.4811327551351768
0	0	-0.4657921928522409	0.4657921928522408
0	0	-0.459430170832145	0.4594301708321453
1	0	0.1366776593845352	-0.136677659384535
0	0	-0.1620729661485561	0.1620729661485562
0	0	-1.069123832594788	1.069123832594788
0	0	-0.6628480049027384	0.6628480049027383
0	0	-0.5131351133470468	0.5131351133470461
0	0	-0.654491694099919	0.6544916940999187
0	0	-0.5797125605962526	0.5797125605962521
0	0	-0.7893856822273314	0.7893856822273311
0	0	-0.4990235366069877	0.4990235366069875
0	0	-0.1772576800730937	0.1772576800730938
0	0	-0.642915691505716	0.642915691505716
0	0	-0.8148252101244152	0.8148252101244147
0	0	-0.4230771497156877	0.4230771497156876
0	0	-0.6329632294168671	0.6329632294168669
0	0	-0.5671038046723015	0.5671038046723018
0	0	-0.549895963335302	0.549895963335302
0	0	-0.1908269464882839	0.1908269464882839
0	0	-0.6897174576095159	0.6897174576095154
0	0	-0.6245398046769045	0.6245398046769042
0	0	-0.6214655836245042	0.6214655836245045
0	0	-0.638712957907146	0.6387129579071452
0	0	-0.573736520603282	0.5737365206032817
0	0	-0.7558936488623856	0.7558936488623849
0	0	-0.6301667577081379	0.6301667577081377
0	0	-0.461600814802159	0.4616008148021584
0	0	-0.7276624960888051	0.7276624960888044
0	0	-0.4730676050201618	0.4730676050201614
0	0	-0.5449810420509852	0.5449810420509851
0	0	-0.5893728045237424	0.5893728045237417
0	0	-1.102191809124562	1.102191809124561
0	0	-0.7059915205975807	0.7059915205975802
0	0	-0.3777302179895556	0.3777302179895556
0	0	-0.4047686364520744	0.4047686364520741
0	0	-0.2790540433322855	0.2790540433322853
0	0	-0.8023525296005233	0.8023525296005226
0	0	-1.083560115370192	1.083560115370191
0	0	-0.2751928283319598	0.2751928283319593
0	0	-0.6672657255164317	0.6672657255164313
0	0	-0.6381416291325805	0.6381416291325804
0	0	-0.6729553977749082	0.6729553977749082
0	0	-0.936425480413017	0.9364254804130167
0	0	-0.7370859278780857	0.7370859278780852
0	0	-0.4832653065324959	0.4832653065324954
0	0	-0.4900313453738131	0.4900313453738126
1	0	0.1366776593845352	-0.136677659384535
0	0	-0.6043023718232819	0.6043023718232822
0	0	-0.9852904071743528	0.9852904071743523
0	0	-0.5284541302741708	0.5284541302741704
0	0	-0.8020855043869285	0.8020855043869286
0	0	-0.1759642256477787	0.1759642256477787
0	0	-0.5060034136290792	0.5060034136290795
0	0	-0.537745053011309	0.5377450530113087
0	0	-0.5429636581841646	0.5429636581841646
0	0	-0.1658227327466485	0.1658227327466482
1	0	0.01351353903316406	-0.01351353903316433
0	0	-0.7673877116785729	0.7673877116785723
0	0	-0.3538246734029328	0.3538246734029324
0	0	-0.4769871560910586	0.4769871560910584
0	0	-0.2372705969479498	0.2372705969479499
0	0	-0.3131151151076271	0.313115115107627
0	0	-0.3782143036911076	0.3782143036911075
0	0	-0.6112707966855939	0.6112707966855933
0	0	-0.4758616029188011	0.4758616029188006
0	0	-1.062703043618237	1.062703043618237
0	0	-0.6508372134131898	0.6508372134131893
0	0	-0.6047363254287621	0.6047363254287621
0	0	-0.2621617601522651	0.2621617601522652
0	0	-0.5373018970963653	0.5373018970963648
0	0	-0.9151884261701642	0.9151884261701643
0	0	-0.1814973672515678	0.1814973672515676
0	0	-0.3538246734029328	0.3538246734029324
0	0	-0.932674683101909	0.9326746831019083
0	0	-0.7448719625332773	0.744871962533277
0	0	-0.6882637423988787	0.6882637423988783
0	0	-0.8564906383446349	0.8564906383446347
0	0	-0.5717154188797198	0.5717154188797192
0	0	-0.4338568586877028	0.4338568586877022
0	0	-0.3404731456596374	0.3404731456596377
0	0	-0.6503873455034452	0.6503873455034447
0	0	-0.9757156417928825	0.9757156417928821
0	0	-0.817820217966296	0.8178202179662956
0	0	-0.4038556276050488	0.4038556276050485
0	0	-0.5808992374223654	0.5808992374223652
0	0	-0.5125038460090141	0.5125038460090134
0	0	-0.3700908671733515	0.3700908671733512
0	0	-0.521218952908665	0.5212189529086648
